1 0.6643653100775194 0.7393410852713178 0.0685562015503876 0.03617571059431524
1 0.5988372093023255 0.7356266149870802 0.06395348837209303 0.032622739018087855
1 0.5975048449612403 0.7046188630490956 0.06661821705426356 0.03133074935400517
1 0.6619428294573644 0.7060723514211886 0.06661821705426356 0.030361757105943153
1 0.6001695736434108 0.7837532299741602 0.06952519379844961 0.07138242894056848
1 0.6664244186046512 0.786498708010336 0.06443798449612403 0.06201550387596899
1 0.5973837209302325 0.833171834625323 0.06782945736434108 0.03520671834625323
1 0.6656976744186046 0.835594315245478 0.0687984496124031 0.034237726098191215
1 0.5967781007751938 0.8696705426356589 0.06661821705426356 0.035852713178294575
1 0.6632751937984496 0.8678940568475452 0.06782945736434108 0.034237726098191215
2 0.4579699612403101 0.8549741602067183 0.06371124031007752 0.030361757105943153
2 0.4628149224806202 0.8239664082687338 0.06516472868217055 0.03875968992248062
2 0.4642684108527132 0.772125322997416 0.06516472868217055 0.06298449612403101
2 0.46681201550387597 0.726421188630491 0.06589147286821706 0.03229974160206718
2 0.467296511627907 0.6968669250645995 0.06589147286821706 0.028746770025839793
