1 0.725390625 0.7489583333333333 0.07734375 0.13958333333333334
1 0.732421875 0.8854166666666666 0.06484375 0.13333333333333333
1 0.79375 0.8864583333333333 0.0671875 0.13541666666666666
1 0.85703125 0.8859375 0.0640625 0.13854166666666667
1 0.919140625 0.8885416666666667 0.06953125 0.13333333333333333
1 0.976171875 0.8869791666666667 0.04765625 0.13645833333333332
1 0.97890625 0.7515625 0.0421875 0.134375
1 0.920703125 0.7515625 0.06953125 0.13854166666666667
1 0.856640625 0.7494791666666667 0.06171875 0.13854166666666667
1 0.79453125 0.75 0.065625 0.1375
2 0.4890625 0.8833333333333333 0.0625 0.13125
2 0.42890625 0.7541666666666667 0.0625 0.13125
2 0.491015625 0.7541666666666667 0.06015625 0.13541666666666666
2 0.43046875 0.8864583333333333 0.0578125 0.12916666666666668
