1 0.6760416666666667 0.375 0.08958333333333333 0.09375
1 0.684375 0.4609375 0.06875 0.08125
1 0.759375 0.374609375 0.07708333333333334 0.09296875
1 0.7546875 0.462890625 0.071875 0.08203125
1 0.8276041666666667 0.460546875 0.06979166666666667 0.08359375
1 0.9020833333333333 0.4609375 0.07291666666666667 0.084375
1 0.9708333333333333 0.4609375 0.058333333333333334 0.0875
1 0.9739583333333334 0.37109375 0.052083333333333336 0.090625
1 0.9083333333333333 0.3734375 0.07708333333333334 0.0921875
1 0.8322916666666667 0.37421875 0.07083333333333333 0.0921875
2 0.3453125 0.3828125 0.078125 0.0828125
2 0.3567708333333333 0.46328125 0.06770833333333333 0.0765625
2 0.4197916666666667 0.4609375 0.06458333333333334 0.0734375
2 0.41302083333333334 0.38125 0.071875 0.0859375
