1 0.7635416666666667 0.58984375 0.14791666666666667 0.159375
1 0.6234375 0.591796875 0.140625 0.15390625
1 0.4869791666666667 0.590234375 0.15104166666666666 0.16015625
1 0.34427083333333336 0.59453125 0.14895833333333333 0.153125
1 0.21614583333333334 0.594921875 0.15729166666666666 0.14921875
1 0.175 0.435546875 0.16875 0.16640625
1 0.3302083333333333 0.430078125 0.16666666666666666 0.16484375
1 0.4765625 0.428125 0.14479166666666668 0.16875
1 0.621875 0.425 0.14791666666666667 0.1703125
1 0.7807291666666667 0.4234375 0.15520833333333334 0.1703125
