2 0.14609375 0.53046875 0.0640625 0.1390625
2 0.196875 0.53125 0.059375 0.140625
2 0.2453125 0.53125 0.059375 0.140625
2 0.2984375 0.50546875 0.053125 0.1234375
2 0.40546875 0.5203125 0.0484375 0.134375
2 0.38671875 0.50859375 0.0453125 0.1265625
2 0.4578125 0.49140625 0.040625 0.0984375
4 0.325 0.79296875 0.065625 0.1234375
4 0.38828125 0.79140625 0.0609375 0.1265625
4 0.4484375 0.78984375 0.059375 0.1265625
5 0.50078125 0.7828125 0.0578125 0.11875
5 0.565625 0.77734375 0.059375 0.1109375
9 0.70625 0.359375 0.046875 0.08125
6 0.6609375 0.36015625 0.059375 0.0890625
8 0.53984375 0.3328125 0.0515625 0.15
8 0.59765625 0.33203125 0.0546875 0.1453125
3 0.23828125 0.3328125 0.0609375 0.15625
3 0.184375 0.33046875 0.06875 0.1546875
3 0.12890625 0.33203125 0.0703125 0.1578125
