2 0.17734375 0.39114583333333336 0.0484375 0.13854166666666667
2 0.219140625 0.39010416666666664 0.04609375 0.13854166666666667
2 0.259765625 0.38958333333333334 0.04296875 0.13541666666666666
2 0.29765625 0.3885416666666667 0.0390625 0.13333333333333333
2 0.33359375 0.39010416666666664 0.0390625 0.13645833333333332
2 0.370703125 0.3885416666666667 0.04140625 0.13125
2 0.408203125 0.38958333333333334 0.04296875 0.12916666666666668
2 0.4484375 0.38697916666666665 0.040625 0.13020833333333334
2 0.484765625 0.3859375 0.03828125 0.128125
2 0.22890625 0.5583333333333333 0.04375 0.14166666666666666
2 0.266796875 0.5572916666666666 0.03984375 0.14166666666666666
2 0.303515625 0.5557291666666667 0.03828125 0.140625
2 0.33984375 0.553125 0.0390625 0.13958333333333334
2 0.3765625 0.5520833333333334 0.040625 0.14166666666666666
2 0.451953125 0.5458333333333333 0.04296875 0.13333333333333333
2 0.48359375 0.5484375 0.0421875 0.13854166666666667
2 0.554296875 0.5432291666666667 0.03671875 0.13645833333333332
2 0.519140625 0.5463541666666667 0.03984375 0.13854166666666667
3 0.58984375 0.5442708333333334 0.040625 0.13854166666666667
3 0.625 0.5427083333333333 0.040625 0.1375
3 0.658984375 0.5401041666666667 0.03984375 0.13854166666666667
3 0.694921875 0.5390625 0.04140625 0.140625
3 0.7296875 0.5369791666666667 0.0359375 0.140625
4 0.202734375 0.7276041666666667 0.05390625 0.13020833333333334
4 0.254296875 0.7265625 0.05546875 0.13020833333333334
4 0.3046875 0.7234375 0.053125 0.12604166666666666
4 0.354296875 0.7203125 0.05078125 0.12395833333333334
5 0.45078125 0.7130208333333333 0.05 0.12395833333333334
5 0.403125 0.7166666666666667 0.0515625 0.125
7 0.52109375 0.3859375 0.0390625 0.128125
7 0.56484375 0.3859375 0.0453125 0.128125
7 0.605859375 0.38333333333333336 0.03828125 0.12291666666666666
8 0.642578125 0.38125 0.03984375 0.12708333333333333
8 0.6796875 0.3802083333333333 0.0375 0.12916666666666668
8 0.70390625 0.3765625 0.0296875 0.128125
6 0.5671875 0.7213541666666666 0.0421875 0.08854166666666667
6 0.530078125 0.6979166666666666 0.03359375 0.08541666666666667
6 0.603515625 0.7177083333333333 0.03828125 0.09166666666666666
6 0.636328125 0.7151041666666667 0.03828125 0.08854166666666667
