2 0.646875 0.6390625 0.034375 0.096875
2 0.615625 0.6359375 0.03125 0.090625
2 0.58203125 0.63671875 0.0359375 0.0921875
2 0.55390625 0.64765625 0.0328125 0.0984375
2 0.5203125 0.646875 0.034375 0.1
2 0.48984375 0.64609375 0.0328125 0.0984375
2 0.45625 0.646875 0.034375 0.096875
2 0.42109375 0.64765625 0.0359375 0.0953125
2 0.3734375 0.64921875 0.0375 0.0921875
2 0.3390625 0.64921875 0.034375 0.0921875
2 0.73984375 0.5140625 0.0359375 0.103125
2 0.7015625 0.5140625 0.0375 0.1
2 0.66171875 0.51484375 0.0390625 0.0984375
2 0.621875 0.50859375 0.034375 0.0953125
2 0.58828125 0.50703125 0.0328125 0.0953125
2 0.5640625 0.5109375 0.034375 0.090625
2 0.53125 0.5109375 0.03125 0.090625
2 0.4984375 0.51328125 0.034375 0.0890625
2 0.46484375 0.51875 0.0359375 0.1
2 0.43203125 0.51875 0.0359375 0.1
2 0.396875 0.51953125 0.0375 0.1015625
2 0.36171875 0.52109375 0.0359375 0.1015625
2 0.32734375 0.51953125 0.0421875 0.0984375
3 0.68984375 0.3421875 0.0359375 0.10625
3 0.65 0.34609375 0.040625 0.1046875
3 0.621875 0.34609375 0.034375 0.1046875
3 0.58984375 0.346875 0.0328125 0.10625
3 0.55859375 0.34765625 0.0328125 0.1078125
3 0.52421875 0.3484375 0.0359375 0.109375
3 0.490625 0.3484375 0.034375 0.10625
3 0.4671875 0.3484375 0.034375 0.109375
5 0.2796875 0.1953125 0.05625 0.103125
5 0.39296875 0.1921875 0.0484375 0.096875
3 0.54140625 0.18515625 0.0359375 0.1109375
3 0.50625 0.18203125 0.0375 0.1171875
3 0.46953125 0.18203125 0.0390625 0.1171875
3 0.4328125 0.1828125 0.0375 0.11875
3 0.68828125 0.18203125 0.0421875 0.1171875
7 0.1765625 0.6453125 0.04375 0.1
7 0.21171875 0.64609375 0.0453125 0.0984375
7 0.30546875 0.6484375 0.0359375 0.096875
7 0.2875 0.6359375 0.025 0.084375
7 0.28359375 0.5015625 0.0328125 0.090625
7 0.2546875 0.50234375 0.03125 0.0953125
7 0.22421875 0.5015625 0.0328125 0.090625
7 0.18984375 0.50625 0.0421875 0.09375
7 0.15390625 0.5140625 0.0421875 0.1
2 0.45 0.4515625 0.1 0.034375
8 0.24609375 0.35078125 0.0484375 0.1078125
8 0.3140625 0.3421875 0.03125 0.084375
8 0.28671875 0.34296875 0.0296875 0.0828125
8 0.20703125 0.3515625 0.0453125 0.10625
8 0.16796875 0.3515625 0.0484375 0.10625
8 0.13125 0.35234375 0.04375 0.1046875
8 0.10625 0.1859375 0.05 0.115625
8 0.14453125 0.1859375 0.0484375 0.1125
8 0.1828125 0.1859375 0.046875 0.1125
8 0.22421875 0.18671875 0.0421875 0.1109375
