8 0.34296875 0.28203125 0.0359375 0.0890625
8 0.37265625 0.2859375 0.0296875 0.0875
8 0.4 0.28828125 0.03125 0.0859375
8 0.421875 0.290625 0.028125 0.084375
8 0.4265625 0.41015625 0.03125 0.0796875
8 0.40234375 0.4109375 0.0296875 0.08125
8 0.37890625 0.41015625 0.0359375 0.0828125
8 0.34921875 0.41015625 0.0328125 0.0828125
7 0.3484375 0.65078125 0.03125 0.0828125
7 0.37421875 0.64453125 0.0296875 0.0796875
7 0.4484375 0.6375 0.03125 0.071875
7 0.4234375 0.6328125 0.028125 0.071875
7 0.4328125 0.52890625 0.021875 0.0640625
7 0.4125 0.528125 0.021875 0.065625
7 0.39140625 0.52890625 0.0234375 0.0671875
7 0.36875 0.53046875 0.021875 0.0703125
7 0.35390625 0.5359375 0.0234375 0.078125
7 0.3296875 0.540625 0.03125 0.078125
3 0.5578125 0.30078125 0.028125 0.0765625
3 0.58046875 0.30390625 0.0234375 0.0765625
3 0.60234375 0.30546875 0.0265625 0.0734375
5 0.52265625 0.30546875 0.0421875 0.0671875
5 0.4578125 0.3 0.046875 0.071875
3 0.68671875 0.3125 0.0328125 0.071875
3 0.65703125 0.41328125 0.0296875 0.0671875
3 0.63515625 0.4125 0.0234375 0.06875
3 0.6125 0.41171875 0.025 0.0703125
3 0.59296875 0.4125 0.0234375 0.071875
3 0.571875 0.41171875 0.025 0.0734375
5 0.5421875 0.41640625 0.0375 0.0640625
5 0.5046875 0.41640625 0.040625 0.0640625
5 0.4796875 0.415625 0.028125 0.0625
2 0.47578125 0.634375 0.0265625 0.06875
2 0.496875 0.6296875 0.025 0.075
2 0.5265625 0.62734375 0.025 0.0671875
2 0.55 0.62578125 0.025 0.0671875
2 0.56953125 0.62265625 0.0234375 0.0671875
2 0.58984375 0.61875 0.0203125 0.065625
2 0.61015625 0.61796875 0.0203125 0.0640625
2 0.6296875 0.60546875 0.021875 0.0609375
2 0.653125 0.60546875 0.025 0.0640625
2 0.47109375 0.534375 0.0265625 0.071875
2 0.49765625 0.53359375 0.0265625 0.0703125
2 0.51875 0.53203125 0.025 0.0703125
2 0.53984375 0.53046875 0.0234375 0.0703125
2 0.5609375 0.52890625 0.021875 0.0671875
2 0.58046875 0.5265625 0.0234375 0.065625
2 0.5984375 0.5234375 0.021875 0.065625
2 0.61953125 0.5203125 0.0234375 0.0625
2 0.6703125 0.5203125 0.028125 0.0625
2 0.6921875 0.51875 0.021875 0.0625
2 0.71171875 0.51875 0.0203125 0.0625
2 0.640625 0.51875 0.021875 0.059375
7 0.403125 0.6296875 0.028125 0.065625
6 0.909375 0.58046875 0.025 0.0359375
6 0.93125 0.58203125 0.021875 0.0359375
6 0.94609375 0.58203125 0.0203125 0.0359375
6 0.89140625 0.5765625 0.0171875 0.034375
9 0.89921875 0.5109375 0.0171875 0.03125
9 0.9109375 0.509375 0.015625 0.028125
9 0.921875 0.509375 0.015625 0.028125
