8 0.50625 0.60625 0.03125 0.096875
8 0.47421875 0.60546875 0.0296875 0.0984375
3 0.44453125 0.6046875 0.0328125 0.1
3 0.4125 0.6 0.03125 0.090625
2 0.1875 0.60546875 0.034375 0.0984375
2 0.221875 0.60625 0.034375 0.1
2 0.25625 0.6078125 0.0375 0.1
2 0.29765625 0.5984375 0.0328125 0.096875
2 0.34296875 0.59609375 0.0328125 0.0890625
2 0.3734375 0.60078125 0.0375 0.0953125
6 0.3953125 0.503125 0.034375 0.059375
6 0.36171875 0.50390625 0.0328125 0.0578125
9 0.32890625 0.50625 0.0359375 0.059375
4 0.4375 0.796875 0.04375 0.084375
4 0.3921875 0.796875 0.04375 0.084375
