7 0.2763671875 0.2942708333333333 0.09765625 0.3463541666666667
7 0.35888671875 0.3072916666666667 0.0849609375 0.328125
7 0.4306640625 0.3177083333333333 0.080078125 0.3125
7 0.49755859375 0.3268229166666667 0.0751953125 0.2994791666666667
7 0.55908203125 0.337890625 0.0673828125 0.2877604166666667
7 0.6455078125 0.34765625 0.083984375 0.265625
7 0.703125 0.3561197916666667 0.064453125 0.25390625
7 0.7509765625 0.3658854166666667 0.064453125 0.25
7 0.79296875 0.3704427083333333 0.060546875 0.24088541666666666
8 0.0908203125 0.26953125 0.12109375 0.390625
