3 0.7890625 0.27109375 0.0375 0.0890625
3 0.8203125 0.271875 0.034375 0.0875
3 0.8515625 0.27109375 0.03125 0.0890625
3 0.878125 0.27265625 0.028125 0.0890625
3 0.87578125 0.40234375 0.0328125 0.0859375
3 0.84765625 0.403125 0.0296875 0.084375
3 0.81875 0.403125 0.03125 0.084375
3 0.7890625 0.4015625 0.03125 0.084375
9 0.44375 0.43125 0.028125 0.053125
9 0.47109375 0.43125 0.0265625 0.053125
9 0.49609375 0.43046875 0.0265625 0.0515625
2 0.921875 0.65625 0.03125 0.08125
2 0.9515625 0.65546875 0.03125 0.0828125
2 0.984375 0.65390625 0.03125 0.0765625
2 0.98359375 0.54140625 0.0296875 0.0859375
2 0.9546875 0.5421875 0.034375 0.084375
2 0.92109375 0.54296875 0.0359375 0.0828125
2 0.89609375 0.534375 0.0265625 0.075
7 0.8703125 0.53203125 0.028125 0.0734375
7 0.84453125 0.53125 0.0265625 0.071875
7 0.8203125 0.53125 0.028125 0.071875
7 0.759375 0.53828125 0.0375 0.0828125
7 0.78671875 0.5359375 0.0296875 0.075
7 0.771875 0.6515625 0.0375 0.08125
7 0.8015625 0.65 0.034375 0.08125
7 0.8875 0.64921875 0.040625 0.0890625
7 0.85703125 0.64375 0.0359375 0.078125
7 0.82890625 0.6390625 0.0265625 0.06875
5 0.97265625 0.4078125 0.0546875 0.075
5 0.93125 0.40703125 0.0375 0.0734375
5 0.9203125 0.27734375 0.059375 0.0765625
5 0.98828125 0.2734375 0.0234375 0.08125
