2 0.01998546511627907 0.4032622739018088 0.03948643410852713 0.11143410852713179
2 0.0655281007751938 0.40713824289405687 0.04530038759689922 0.11724806201550388
2 0.10041182170542635 0.40568475452196384 0.023013565891472867 0.11304909560723514
2 0.12027616279069768 0.4076227390180879 0.03173449612403101 0.11692506459948321
2 0.15164728682170542 0.4074612403100775 0.03246124031007752 0.11531007751937984
2 0.17999031007751937 0.4085917312661499 0.031007751937984496 0.11757105943152454
2 0.21148255813953487 0.4100452196382429 0.041182170542635656 0.11983204134366925
2 0.25714631782945735 0.40310077519379844 0.0375484496124031 0.10465116279069768
2 0.28282461240310075 0.39809431524547806 0.027858527131782947 0.0939922480620155
2 0.3112887596899225 0.39809431524547806 0.035852713178294575 0.09270025839793282
