2 0.09270833333333334 0.619140625 0.06458333333333334 0.10546875
2 0.0453125 0.619921875 0.06354166666666666 0.10703125
2 0.014583333333333334 0.619921875 0.029166666666666667 0.10703125
2 0.07395833333333333 0.470703125 0.06041666666666667 0.10859375
2 0.027083333333333334 0.47265625 0.05416666666666667 0.1125
4 0.1 0.32109375 0.09583333333333334 0.103125
4 0.033854166666666664 0.32265625 0.06770833333333333 0.0984375
4 0.24322916666666666 0.3171875 0.07604166666666666 0.096875
4 0.1765625 0.31875 0.06979166666666667 0.09375
4 0.3098958333333333 0.317578125 0.06354166666666666 0.08828125
4 0.36302083333333335 0.31796875 0.059375 0.0890625
4 0.8572916666666667 0.302734375 0.07083333333333333 0.09921875
4 0.790625 0.304296875 0.07291666666666667 0.09921875
4 0.7286458333333333 0.30625 0.06770833333333333 0.096875
4 0.6682291666666667 0.3078125 0.06770833333333333 0.0953125
4 0.6052083333333333 0.309765625 0.06458333333333334 0.09765625
4 0.5416666666666666 0.312109375 0.06458333333333334 0.09921875
4 0.4791666666666667 0.312890625 0.06458333333333334 0.09921875
4 0.415625 0.313671875 0.06666666666666667 0.10078125
5 0.4661458333333333 0.176171875 0.06770833333333333 0.09609375
5 0.5984375 0.171484375 0.06979166666666667 0.09921875
5 0.6609375 0.1703125 0.06770833333333333 0.0984375
5 0.7234375 0.16953125 0.06770833333333333 0.0953125
5 0.7848958333333333 0.16796875 0.065625 0.0953125
5 0.85 0.16640625 0.06875 0.0984375
7 0.21458333333333332 0.46484375 0.06041666666666667 0.1125
7 0.2640625 0.464453125 0.057291666666666664 0.11171875
7 0.31145833333333334 0.462890625 0.05416666666666667 0.11171875
7 0.359375 0.462890625 0.05625 0.11328125
7 0.40572916666666664 0.459375 0.053125 0.109375
7 0.4515625 0.45703125 0.053125 0.10625
7 0.496875 0.45625 0.052083333333333336 0.109375
7 0.5401041666666667 0.45390625 0.051041666666666666 0.1078125
7 0.5864583333333333 0.45234375 0.052083333333333336 0.1078125
7 0.6317708333333333 0.4515625 0.04895833333333333 0.1078125
8 0.8666666666666667 0.441796875 0.05 0.11171875
8 0.8177083333333334 0.44375 0.052083333333333336 0.1109375
8 0.7713541666666667 0.44609375 0.051041666666666666 0.1109375
8 0.7255208333333333 0.44765625 0.053125 0.109375
8 0.6786458333333333 0.44921875 0.04895833333333333 0.1109375
8 0.8291666666666667 0.584375 0.052083333333333336 0.109375
8 0.7833333333333333 0.58671875 0.05416666666666667 0.1109375
8 0.7364583333333333 0.5890625 0.05 0.1109375
7 0.690625 0.590625 0.052083333333333336 0.109375
7 0.6432291666666666 0.59296875 0.053125 0.109375
7 0.5963541666666666 0.594921875 0.051041666666666666 0.11171875
7 0.5526041666666667 0.596484375 0.053125 0.11015625
7 0.5067708333333333 0.598828125 0.04895833333333333 0.10859375
7 0.46197916666666666 0.600390625 0.051041666666666666 0.11171875
7 0.4166666666666667 0.603125 0.05 0.1140625
7 0.3697916666666667 0.60390625 0.04791666666666667 0.1125
7 0.3265625 0.606640625 0.053125 0.10859375
7 0.2786458333333333 0.6078125 0.046875 0.1109375
7 0.14270833333333333 0.61484375 0.05625 0.109375
7 0.18958333333333333 0.6125 0.058333333333333334 0.1109375
7 0.23541666666666666 0.608203125 0.05416666666666667 0.10859375
7 0.6609375 0.75703125 0.051041666666666666 0.1125
7 0.7161458333333334 0.770703125 0.05520833333333333 0.11640625
7 0.7755208333333333 0.782421875 0.059375 0.11484375
7 0.8270833333333333 0.779296875 0.05416666666666667 0.11640625
