9 0.01953125 0.425 0.0265625 0.04375
9 0.0421875 0.425 0.025 0.04375
2 0.72109375 0.52578125 0.0296875 0.0703125
2 0.690625 0.52734375 0.03125 0.0703125
2 0.66328125 0.5265625 0.0296875 0.071875
2 0.6359375 0.5265625 0.025 0.071875
2 0.6109375 0.52734375 0.025 0.0734375
2 0.571875 0.525 0.025 0.06875
2 0.58984375 0.52109375 0.0203125 0.0609375
2 0.54765625 0.5265625 0.0234375 0.065625
2 0.52109375 0.5265625 0.0234375 0.06875
2 0.45078125 0.52578125 0.0234375 0.0703125
2 0.475 0.52578125 0.025 0.0703125
2 0.49765625 0.52578125 0.0234375 0.0703125
2 0.54375 0.571875 0.25 0.16875
2 0.63203125 0.621875 0.0234375 0.071875
2 0.60859375 0.621875 0.0234375 0.071875
2 0.58671875 0.62265625 0.0234375 0.0703125
2 0.5625 0.62421875 0.025 0.0671875
2 0.5390625 0.625 0.025 0.06875
2 0.5140625 0.62265625 0.025 0.0703125
2 0.48984375 0.6234375 0.0234375 0.071875
2 0.43203125 0.6234375 0.0234375 0.06875
2 0.45703125 0.6234375 0.0265625 0.06875
3 0.65703125 0.4078125 0.0234375 0.071875
3 0.63359375 0.4078125 0.0234375 0.071875
3 0.60703125 0.4078125 0.0234375 0.071875
3 0.57890625 0.409375 0.0234375 0.071875
3 0.540625 0.4078125 0.025 0.071875
3 0.5640625 0.40859375 0.021875 0.0734375
3 0.51640625 0.40859375 0.0265625 0.0703125
3 0.490625 0.40859375 0.025 0.0703125
5 0.4546875 0.4125 0.040625 0.0625
5 0.41640625 0.41328125 0.0359375 0.0609375
5 0.446875 0.303125 0.040625 0.065625
3 0.51171875 0.2953125 0.0265625 0.078125
3 0.56171875 0.29609375 0.0265625 0.0765625
3 0.5359375 0.29609375 0.025 0.0796875
3 0.59375 0.296875 0.028125 0.075
7 0.3078125 0.621875 0.028125 0.071875
7 0.33671875 0.61796875 0.0265625 0.0671875
7 0.38984375 0.61796875 0.0296875 0.0703125
7 0.36640625 0.61015625 0.0203125 0.0546875
7 0.29453125 0.5234375 0.0265625 0.071875
7 0.33984375 0.5234375 0.0265625 0.071875
7 0.36328125 0.51875 0.0234375 0.065625
7 0.3875 0.51953125 0.025 0.0671875
8 0.4125 0.29765625 0.025 0.0734375
8 0.3828125 0.30078125 0.025 0.0640625
8 0.3609375 0.30234375 0.025 0.0609375
8 0.3375 0.29921875 0.025 0.0640625
8 0.31484375 0.29296875 0.0296875 0.0765625
8 0.28828125 0.29296875 0.0265625 0.0734375
8 0.37265625 0.40703125 0.0265625 0.0765625
8 0.34765625 0.4078125 0.0296875 0.075
8 0.32109375 0.40703125 0.0265625 0.0765625
8 0.296875 0.40859375 0.028125 0.0765625
