3 0.86875 0.51171875 0.040625 0.0953125
2 0.60078125 0.3859375 0.0390625 0.1
2 0.634375 0.3859375 0.034375 0.1
2 0.66875 0.3859375 0.0375 0.1
2 0.66015625 0.51484375 0.0359375 0.0953125
2 0.628125 0.51484375 0.03125 0.0953125
2 0.59765625 0.5140625 0.0359375 0.09375
5 0.85625 0.6359375 0.046875 0.084375
5 0.8140625 0.6359375 0.046875 0.084375
4 0.78671875 0.51875 0.0578125 0.084375
4 0.83515625 0.51796875 0.0484375 0.0859375
4 0.80546875 0.39140625 0.0484375 0.0890625
4 0.7609375 0.39296875 0.05 0.0859375
4 0.71640625 0.3921875 0.0546875 0.0875
8 0.8921875 0.6296875 0.0375 0.09375
8 0.92421875 0.6296875 0.0328125 0.09375
8 0.953125 0.62890625 0.034375 0.0921875
9 0.98203125 0.64921875 0.0359375 0.0578125
8 0.9015625 0.51015625 0.0375 0.0953125
8 0.93359375 0.509375 0.0390625 0.096875
