3 0.1671875 0.5828125 0.05625 0.14375
3 0.21875 0.58125 0.059375 0.140625
3 0.265625 0.571875 0.05 0.13125
8 0.6015625 0.57421875 0.046875 0.1328125
8 0.55078125 0.5734375 0.0453125 0.134375
8 0.625 0.5640625 0.04375 0.13125
9 0.72421875 0.60234375 0.0453125 0.0828125
9 0.7515625 0.590625 0.04375 0.078125
6 0.6765625 0.6015625 0.053125 0.084375
2 0.4140625 0.7578125 0.04375 0.1375
2 0.4484375 0.721875 0.040625 0.09375
2 0.3234375 0.7390625 0.053125 0.115625
2 0.2640625 0.7625 0.05625 0.140625
2 0.2171875 0.7578125 0.046875 0.134375
2 0.17265625 0.75546875 0.0453125 0.1328125
7 0.80859375 0.76875 0.0609375 0.13125
7 0.859375 0.76953125 0.053125 0.1421875
