2 0.74375 0.62890625 0.0625 0.1515625
2 0.6515625 0.6140625 0.0625 0.14375
2 0.53203125 0.59140625 0.0609375 0.1296875
2 0.4875 0.58515625 0.046875 0.1296875
2 0.45703125 0.5796875 0.0359375 0.11875
2 0.4234375 0.571875 0.040625 0.115625
2 0.3921875 0.56796875 0.0375 0.1109375
2 0.359375 0.56328125 0.034375 0.1109375
4 0.62578125 0.81796875 0.0765625 0.1203125
3 0.40625 0.42890625 0.053125 0.1265625
3 0.37734375 0.425 0.0484375 0.121875
8 0.35234375 0.4203125 0.0390625 0.11875
9 0.27265625 0.4375 0.0296875 0.071875
6 0.24921875 0.4328125 0.0359375 0.071875
