2 0.14609375 0.6109375 0.0546875 0.1125
2 0.23828125 0.62890625 0.0703125 0.1203125
2 0.2890625 0.6453125 0.053125 0.13125
2 0.32265625 0.653125 0.0484375 0.128125
2 0.36171875 0.6625 0.0515625 0.1375
2 0.40390625 0.67265625 0.0703125 0.1453125
2 0.46796875 0.6703125 0.0671875 0.125
2 0.5890625 0.71328125 0.065625 0.1578125
3 0.47734375 0.50703125 0.0578125 0.1609375
3 0.5296875 0.5109375 0.065625 0.165625
3 0.58984375 0.5140625 0.0609375 0.165625
3 0.63984375 0.51796875 0.0515625 0.1703125
3 0.7046875 0.5296875 0.065625 0.190625
6 0.775 0.78203125 0.075 0.1359375
6 0.84609375 0.8015625 0.0734375 0.1375
4 0.47890625 0.84453125 0.0828125 0.1265625
4 0.69375 0.921875 0.084375 0.153125
2 0.70546875 0.74609375 0.0609375 0.1765625
7 0.3171875 0.4875 0.040625 0.1375
7 0.35234375 0.49375 0.0453125 0.140625
7 0.39453125 0.49765625 0.0515625 0.1421875
7 0.43359375 0.5015625 0.0421875 0.14375
8 0.28984375 0.47109375 0.0421875 0.1109375
8 0.25234375 0.46953125 0.0421875 0.1109375
8 0.21328125 0.4765625 0.0515625 0.11875
