6 0.090234375 0.3380208333333333 0.04296875 0.08854166666666667
6 0.12734375 0.3380208333333333 0.040625 0.090625
6 0.161328125 0.3380208333333333 0.04140625 0.08854166666666667
6 0.196484375 0.3385416666666667 0.04453125 0.08958333333333333
4 0.585546875 0.321875 0.05078125 0.12291666666666666
4 0.630078125 0.3223958333333333 0.04765625 0.121875
4 0.673046875 0.3229166666666667 0.04765625 0.12291666666666666
4 0.715234375 0.32135416666666666 0.04609375 0.121875
4 0.75703125 0.3203125 0.0484375 0.11979166666666667
4 0.786328125 0.3182291666666667 0.03984375 0.115625
4 0.826953125 0.31666666666666665 0.04765625 0.1125
4 0.96640625 0.3171875 0.0671875 0.115625
4 0.886328125 0.3145833333333333 0.04921875 0.11041666666666666
3 0.012109375 0.5083333333333333 0.02421875 0.14375
3 0.038671875 0.5072916666666667 0.04140625 0.14166666666666666
3 0.073046875 0.5078125 0.03984375 0.140625
3 0.107421875 0.5083333333333333 0.03984375 0.14166666666666666
3 0.146875 0.50625 0.0453125 0.13541666666666666
3 0.1953125 0.49114583333333334 0.0375 0.13020833333333334
3 0.22734375 0.4901041666666667 0.03125 0.13020833333333334
2 0.253125 0.49947916666666664 0.0375 0.13229166666666667
2 0.286328125 0.5 0.03515625 0.13333333333333333
2 0.315234375 0.5072916666666667 0.03671875 0.13541666666666666
2 0.348046875 0.5072916666666667 0.03671875 0.13541666666666666
2 0.381640625 0.5072916666666667 0.03515625 0.13541666666666666
2 0.415234375 0.5072916666666667 0.03359375 0.13541666666666666
2 0.448828125 0.50625 0.03203125 0.1375
2 0.478125 0.4973958333333333 0.0328125 0.13020833333333334
2 0.50859375 0.49635416666666665 0.0328125 0.128125
2 0.537109375 0.48802083333333335 0.03203125 0.121875
2 0.566015625 0.4864583333333333 0.03046875 0.125
2 0.599609375 0.4947916666666667 0.03671875 0.12708333333333333
2 0.637890625 0.5015625 0.03828125 0.13229166666666667
2 0.6734375 0.5020833333333333 0.0375 0.13333333333333333
2 0.70625 0.5026041666666666 0.0375 0.134375
2 0.7375 0.5 0.0390625 0.13541666666666666
2 0.0984375 0.6760416666666667 0.0421875 0.12916666666666668
2 0.130859375 0.6760416666666667 0.03984375 0.13333333333333333
2 0.1625 0.6765625 0.0359375 0.134375
2 0.1890625 0.6921875 0.04375 0.13645833333333332
2 0.228515625 0.6744791666666666 0.03828125 0.13020833333333334
2 0.2625 0.6755208333333333 0.0359375 0.13229166666666667
2 0.287890625 0.6901041666666666 0.03671875 0.13645833333333332
2 0.321875 0.6890625 0.0359375 0.13645833333333332
2 0.355078125 0.6885416666666667 0.03359375 0.13333333333333333
2 0.741796875 0.6807291666666667 0.03671875 0.13020833333333334
2 0.71015625 0.6822916666666666 0.0359375 0.13125
2 0.67890625 0.6822916666666666 0.0359375 0.12916666666666668
2 0.646484375 0.6838541666666667 0.03671875 0.13020833333333334
2 0.61328125 0.6848958333333334 0.0359375 0.13229166666666667
2 0.58203125 0.6854166666666667 0.034375 0.13125
2 0.54921875 0.6854166666666667 0.0359375 0.13333333333333333
2 0.516796875 0.6838541666666667 0.03515625 0.13229166666666667
2 0.48515625 0.6848958333333334 0.0359375 0.134375
2 0.45390625 0.6869791666666667 0.0359375 0.13229166666666667
2 0.388671875 0.6885416666666667 0.03515625 0.13541666666666666
2 0.421484375 0.6880208333333333 0.03515625 0.13229166666666667
3 0.022265625 0.6890625 0.04453125 0.140625
3 0.059375 0.6744791666666666 0.046875 0.13229166666666667
2 0.13125 0.865625 0.0390625 0.13333333333333333
2 0.162890625 0.8651041666666667 0.03671875 0.13229166666666667
2 0.194140625 0.865625 0.03515625 0.13541666666666666
2 0.22421875 0.8635416666666667 0.034375 0.1375
2 0.255859375 0.8614583333333333 0.03203125 0.13541666666666666
2 0.2984375 0.9125 0.0421875 0.14791666666666667
2 0.33515625 0.9140625 0.040625 0.14895833333333333
2 0.36953125 0.8973958333333333 0.0375 0.153125
2 0.40390625 0.9140625 0.0359375 0.146875
2 0.43671875 0.9098958333333333 0.034375 0.146875
2 0.471875 0.9036458333333334 0.0359375 0.14270833333333333
2 0.508203125 0.9015625 0.03515625 0.13854166666666667
7 0.772265625 0.6760416666666667 0.03515625 0.13125
7 0.803125 0.6744791666666666 0.0375 0.13020833333333334
7 0.83359375 0.6723958333333333 0.0375 0.13229166666666667
7 0.86328125 0.6708333333333333 0.040625 0.13125
7 0.895703125 0.6703125 0.03984375 0.13229166666666667
7 0.926171875 0.6697916666666667 0.03671875 0.13333333333333333
7 0.955859375 0.6671875 0.03984375 0.13020833333333334
7 0.983984375 0.665625 0.03203125 0.12916666666666668
7 0.983203125 0.4895833333333333 0.03359375 0.13541666666666666
7 0.956640625 0.49166666666666664 0.03984375 0.13333333333333333
7 0.9265625 0.4921875 0.040625 0.13229166666666667
7 0.8953125 0.4947916666666667 0.0390625 0.13541666666666666
7 0.86328125 0.49583333333333335 0.0375 0.13333333333333333
7 0.83046875 0.4973958333333333 0.040625 0.134375
9 0.058984375 0.3411458333333333 0.03828125 0.08229166666666667
9 0.025 0.34010416666666665 0.04375 0.08229166666666667
9 0.0640625 0.27291666666666664 0.0453125 0.08125
9 0.025 0.271875 0.040625 0.07916666666666666
