0 0.690625 0.12382297551789077 0.13125 0.24764595103578155
0 0.816015625 0.121939736346516 0.13515625 0.243879472693032
0 0.93671875 0.121939736346516 0.1265625 0.243879472693032
0 0.5671875 0.12523540489642185 0.1265625 0.2504708097928437
0 0.44375 0.1266478342749529 0.1328125 0.2532956685499058
0 0.316796875 0.1266478342749529 0.13046875 0.2532956685499058
0 0.18515625 0.12523540489642185 0.1390625 0.2504708097928437
0 0.0625 0.121939736346516 0.125 0.243879472693032
0 0.06171875 0.3724105461393597 0.1234375 0.2570621468926554
0 0.316796875 0.3813559322033898 0.12421875 0.2523540489642185
0 0.1890625 0.3752354048964218 0.1359375 0.2532956685499058
0 0.440625 0.3752354048964218 0.128125 0.2532956685499058
0 0.5671875 0.3761770244821092 0.125 0.2514124293785311
0 0.694921875 0.3733521657250471 0.12578125 0.2514124293785311
0 0.815625 0.3761770244821092 0.1296875 0.2514124293785311
0 0.93671875 0.3724105461393597 0.1265625 0.2570621468926554
0 0.9375 0.6290018832391714 0.125 0.2523540489642185
0 0.81640625 0.6261770244821092 0.128125 0.2598870056497175
0 0.691796875 0.6308851224105462 0.13359375 0.256120527306968
0 0.565234375 0.6275894538606404 0.13046875 0.2570621468926554
0 0.43671875 0.6346516007532956 0.13125 0.2542372881355932
0 0.312890625 0.6304143126177024 0.13046875 0.2551789077212806
0 0.184765625 0.6337099811676082 0.12734375 0.2617702448210923
0 0.062109375 0.628060263653484 0.12421875 0.2598870056497175
0 0.23359375 0.4580979284369115 0.1703125 0.2871939736346516
0 0.48828125 0.5616760828625236 0.1671875 0.2909604519774011
0 0.74375 0.4670433145009416 0.196875 0.2937853107344633
0 0.938671875 0.8742937853107344 0.12265625 0.2514124293785311
0 0.815625 0.8747645951035782 0.1390625 0.2504708097928437
0 0.68828125 0.8738229755178908 0.128125 0.2504708097928437
0 0.56171875 0.8742937853107344 0.128125 0.2514124293785311
0 0.4375 0.8804143126177024 0.125 0.2391713747645951
0 0.3109375 0.8771186440677966 0.1328125 0.243879472693032
0 0.176953125 0.879472693032015 0.13515625 0.24105461393596986
0 0.060546875 0.8775894538606404 0.12109375 0.2448210922787194
