0 0.18177083333333333 0.42890625 0.18229166666666666 0.1828125
0 0.3380208333333333 0.42421875 0.165625 0.1828125
0 0.4822916666666667 0.42421875 0.14583333333333334 0.184375
0 0.625 0.42421875 0.15416666666666667 0.1890625
0 0.775 0.417578125 0.17291666666666666 0.19296875
0 0.7630208333333334 0.5890625 0.15729166666666666 0.159375
0 0.621875 0.58828125 0.14375 0.1515625
0 0.4869791666666667 0.58984375 0.146875 0.1609375
0 0.34739583333333335 0.590625 0.14479166666666668 0.1609375
0 0.2125 0.593359375 0.14375 0.16171875
