4 0.06927083333333334 0.351953125 0.10104166666666667 0.14296875
4 0.1578125 0.35078125 0.09895833333333333 0.14375
4 0.24375 0.3515625 0.09791666666666667 0.1421875
4 0.34010416666666665 0.351171875 0.109375 0.13984375
4 0.4322916666666667 0.34765625 0.09375 0.1328125
4 0.5166666666666667 0.346875 0.0875 0.128125
4 0.016145833333333335 0.35390625 0.03229166666666667 0.1421875
4 0.5979166666666667 0.3453125 0.08541666666666667 0.11875
4 0.671875 0.346484375 0.08125 0.12109375
4 0.7833333333333333 0.348046875 0.11875 0.13671875
4 0.8828125 0.348828125 0.09895833333333333 0.13515625
4 0.9598958333333333 0.346484375 0.08020833333333334 0.13828125
5 0.8609375 0.1546875 0.115625 0.1375
2 0.04739583333333333 0.5484375 0.071875 0.1484375
2 0.09479166666666666 0.560546875 0.075 0.15390625
2 0.1625 0.560546875 0.07708333333333334 0.15703125
2 0.22916666666666666 0.5609375 0.07916666666666666 0.1578125
2 0.2984375 0.559765625 0.07604166666666666 0.15546875
2 0.31145833333333334 0.76328125 0.07291666666666667 0.14375
2 0.24479166666666666 0.765625 0.075 0.1453125
2 0.11041666666666666 0.77109375 0.08541666666666667 0.15
2 0.043229166666666666 0.770703125 0.08229166666666667 0.15078125
2 0.18020833333333333 0.768359375 0.0875 0.14609375
7 0.37864583333333335 0.760546875 0.06770833333333333 0.14765625
7 0.4427083333333333 0.758984375 0.06875 0.14921875
7 0.5052083333333334 0.754296875 0.07083333333333333 0.14921875
7 0.5697916666666667 0.757421875 0.06666666666666667 0.15390625
7 0.6333333333333333 0.755859375 0.06666666666666667 0.14921875
7 0.6989583333333333 0.756640625 0.06875 0.15390625
7 0.7640625 0.754296875 0.06979166666666667 0.15390625
7 0.9567708333333333 0.749609375 0.07395833333333333 0.15078125
7 0.8916666666666667 0.75078125 0.07083333333333333 0.1515625
7 0.8286458333333333 0.75234375 0.07395833333333333 0.15
7 0.9489583333333333 0.548046875 0.07291666666666667 0.15546875
7 0.8875 0.54921875 0.075 0.15625
7 0.8244791666666667 0.55078125 0.07395833333333333 0.153125
7 0.7588541666666667 0.5515625 0.07395833333333333 0.1546875
7 0.6932291666666667 0.553125 0.071875 0.153125
7 0.6255208333333333 0.55390625 0.07395833333333333 0.1546875
7 0.5598958333333334 0.554296875 0.071875 0.15546875
7 0.4942708333333333 0.554296875 0.06770833333333333 0.15390625
