6 0.38136574074074076 0.1345486111111111 0.2789351851851852 0.2690972222222222
6 0.20717592592592593 0.12586805555555555 0.14351851851851852 0.2517361111111111
6 0.5688657407407407 0.12413194444444445 0.11226851851851852 0.2482638888888889
6 0.6730324074074074 0.1171875 0.09837962962962964 0.234375
6 0.7662037037037037 0.11241319444444445 0.09259259259259259 0.2248263888888889
2 0.2065972222222222 0.4427083333333333 0.1909722222222222 0.2552083333333333
2 0.078125 0.4275173611111111 0.15625 0.2717013888888889
3 0.49247685185185186 0.5716145833333334 0.16782407407407407 0.3689236111111111
3 0.6400462962962963 0.6137152777777778 0.20601851851851852 0.3993055555555556
8 0.7962962962962963 0.6840277777777778 0.2708333333333333 0.4583333333333333
8 0.9195601851851852 0.7530381944444444 0.16087962962962962 0.4939236111111111
