5 0.8973958333333333 0.1578125 0.10729166666666666 0.140625
5 0.8015625 0.160546875 0.10104166666666667 0.13515625
5 0.7088541666666667 0.16015625 0.096875 0.1375
5 0.6151041666666667 0.16015625 0.10104166666666667 0.1375
5 0.5244791666666667 0.1609375 0.09895833333333333 0.1390625
5 0.33645833333333336 0.16796875 0.10625 0.1375
4 0.049479166666666664 0.360546875 0.09895833333333333 0.12734375
4 0.1484375 0.361328125 0.090625 0.11953125
4 0.253125 0.3609375 0.09791666666666667 0.1375
4 0.34479166666666666 0.359375 0.09166666666666666 0.140625
4 0.4354166666666667 0.359375 0.08958333333333333 0.1390625
4 0.5239583333333333 0.35859375 0.09166666666666666 0.1390625
4 0.9 0.35546875 0.10625 0.140625
4 0.803125 0.358203125 0.10625 0.14453125
4 0.709375 0.359765625 0.09791666666666667 0.14453125
4 0.61875 0.359375 0.09583333333333334 0.1421875
7 0.03333333333333333 0.5671875 0.06666666666666667 0.15625
7 0.0890625 0.56796875 0.07395833333333333 0.1546875
7 0.15833333333333333 0.567578125 0.075 0.15546875
7 0.2234375 0.5671875 0.07395833333333333 0.1578125
7 0.2947916666666667 0.566015625 0.075 0.15234375
7 0.3625 0.564453125 0.06875 0.15703125
7 0.42916666666666664 0.563671875 0.06875 0.15390625
7 0.5598958333333334 0.562890625 0.065625 0.15390625
7 0.4942708333333333 0.56328125 0.06979166666666667 0.1546875
8 0.9088541666666666 0.56484375 0.08020833333333334 0.1609375
8 0.8317708333333333 0.565234375 0.08645833333333333 0.15859375
8 0.753125 0.55390625 0.07083333333333333 0.1515625
8 0.6958333333333333 0.565625 0.07083333333333333 0.159375
8 0.6260416666666667 0.565625 0.07083333333333333 0.159375
8 0.8442708333333333 0.77265625 0.07604166666666666 0.1625
8 0.7755208333333333 0.774609375 0.078125 0.16328125
8 0.7072916666666667 0.7734375 0.06875 0.1609375
7 0.6380208333333334 0.774609375 0.06979166666666667 0.16171875
7 0.5666666666666667 0.775390625 0.07083333333333333 0.16171875
7 0.5005208333333333 0.77421875 0.071875 0.1640625
7 0.43333333333333335 0.773828125 0.07083333333333333 0.15703125
7 0.36770833333333336 0.773828125 0.075 0.15859375
7 0.2989583333333333 0.773828125 0.07083333333333333 0.15859375
7 0.2359375 0.774609375 0.07395833333333333 0.15859375
7 0.16927083333333334 0.775390625 0.07395833333333333 0.15703125
7 0.10364583333333334 0.773828125 0.078125 0.15390625
7 0.03854166666666667 0.7765625 0.07708333333333334 0.159375
