5 0.8953125 0.09270833333333334 0.071875 0.16041666666666668
5 0.835546875 0.09635416666666667 0.07109375 0.159375
5 0.77578125 0.096875 0.06875 0.16041666666666668
5 0.715625 0.09479166666666666 0.0671875 0.1625
5 0.655078125 0.096875 0.06953125 0.16458333333333333
5 0.531640625 0.10052083333333334 0.06015625 0.159375
4 0.025 0.32447916666666665 0.05 0.165625
4 0.06796875 0.325 0.06875 0.16458333333333333
4 0.123828125 0.3260416666666667 0.06796875 0.16458333333333333
4 0.189453125 0.32395833333333335 0.08203125 0.16041666666666668
4 0.260546875 0.32447916666666665 0.05859375 0.15104166666666666
4 0.31796875 0.325 0.0640625 0.15
4 0.381640625 0.32447916666666665 0.05546875 0.140625
4 0.4296875 0.325 0.04375 0.14166666666666666
4 0.479296875 0.32447916666666665 0.06015625 0.159375
4 0.537890625 0.32447916666666665 0.05859375 0.16145833333333334
4 0.598046875 0.3234375 0.05859375 0.159375
4 0.9 0.32083333333333336 0.071875 0.16458333333333333
4 0.835546875 0.3229166666666667 0.06796875 0.16458333333333333
4 0.773828125 0.3234375 0.06171875 0.16145833333333334
4 0.716796875 0.32395833333333335 0.06640625 0.16041666666666668
4 0.65703125 0.3223958333333333 0.065625 0.16145833333333334
2 0.02578125 0.5671875 0.0515625 0.18645833333333334
2 0.066796875 0.5677083333333334 0.05390625 0.1875
2 0.109375 0.56875 0.0515625 0.18541666666666667
2 0.15625 0.5682291666666667 0.05625 0.184375
2 0.162109375 0.809375 0.05546875 0.175
2 0.114453125 0.8130208333333333 0.05078125 0.178125
2 0.073046875 0.8125 0.05703125 0.175
2 0.029296875 0.8130208333333333 0.05546875 0.17395833333333333
7 0.20703125 0.8067708333333333 0.05 0.178125
7 0.25 0.8052083333333333 0.05 0.175
7 0.2921875 0.803125 0.046875 0.17916666666666667
7 0.334765625 0.8067708333333333 0.04609375 0.18229166666666666
7 0.377734375 0.8057291666666667 0.04765625 0.18020833333333333
7 0.421875 0.8067708333333333 0.04375 0.184375
7 0.464453125 0.8057291666666667 0.04453125 0.18645833333333334
7 0.507421875 0.8052083333333333 0.04609375 0.18333333333333332
7 0.54921875 0.8036458333333333 0.0421875 0.18229166666666666
7 0.592578125 0.8041666666666667 0.04140625 0.18333333333333332
7 0.636328125 0.8026041666666667 0.04609375 0.18229166666666666
7 0.68203125 0.8026041666666667 0.046875 0.18645833333333334
7 0.72734375 0.8010416666666667 0.046875 0.18333333333333332
7 0.283984375 0.5645833333333333 0.04921875 0.17916666666666667
7 0.326171875 0.5645833333333333 0.04765625 0.18125
7 0.371875 0.5635416666666667 0.0484375 0.18125
7 0.415625 0.5630208333333333 0.0421875 0.18229166666666666
7 0.45859375 0.5625 0.0421875 0.18125
7 0.503125 0.5630208333333333 0.0421875 0.18229166666666666
7 0.676171875 0.559375 0.04453125 0.17916666666666667
7 0.632421875 0.559375 0.04609375 0.18125
7 0.588671875 0.5598958333333334 0.04453125 0.18020833333333333
7 0.546484375 0.5609375 0.04453125 0.18229166666666666
8 0.904296875 0.5572916666666666 0.05234375 0.18541666666666667
8 0.8515625 0.5578125 0.0625 0.18020833333333333
8 0.7671875 0.559375 0.0484375 0.18333333333333332
8 0.72265625 0.5604166666666667 0.0484375 0.18125
8 0.799609375 0.546875 0.04140625 0.17708333333333334
8 0.860546875 0.7984375 0.05078125 0.18229166666666666
8 0.81640625 0.8 0.0515625 0.18541666666666667
8 0.773046875 0.8005208333333333 0.04921875 0.184375
