5 0.884765625 0.13645833333333332 0.04609375 0.11875
5 0.83671875 0.13854166666666667 0.046875 0.11666666666666667
5 0.792578125 0.13802083333333334 0.04765625 0.11979166666666667
5 0.748828125 0.13854166666666667 0.04765625 0.12083333333333333
5 0.70234375 0.13958333333333334 0.05 0.12083333333333333
5 0.60859375 0.14427083333333332 0.0484375 0.12395833333333334
4 0.8875 0.30885416666666665 0.053125 0.121875
4 0.8375 0.309375 0.0515625 0.12083333333333333
4 0.7921875 0.3098958333333333 0.046875 0.121875
4 0.748046875 0.3098958333333333 0.04765625 0.11979166666666667
4 0.70390625 0.3104166666666667 0.0484375 0.12083333333333333
4 0.658984375 0.31145833333333334 0.04609375 0.12083333333333333
4 0.614453125 0.31145833333333334 0.04609375 0.12083333333333333
4 0.569921875 0.3125 0.04921875 0.12291666666666666
4 0.528515625 0.3140625 0.04140625 0.11145833333333334
4 0.487890625 0.3125 0.04140625 0.10833333333333334
4 0.442578125 0.31302083333333336 0.04453125 0.115625
4 0.4 0.3109375 0.04375 0.115625
4 0.351953125 0.3140625 0.05390625 0.11979166666666667
4 0.305078125 0.3151041666666667 0.04609375 0.121875
4 0.263671875 0.315625 0.04609375 0.12083333333333333
4 0.222265625 0.31354166666666666 0.04453125 0.11875
4 0.17890625 0.31354166666666666 0.0484375 0.12083333333333333
8 0.88828125 0.4869791666666667 0.0390625 0.13854166666666667
8 0.852734375 0.4875 0.03828125 0.1375
8 0.81953125 0.4875 0.0375 0.1375
8 0.784765625 0.48802083333333335 0.03671875 0.13645833333333332
8 0.751171875 0.48802083333333335 0.03828125 0.13854166666666667
8 0.8546875 0.6661458333333333 0.0390625 0.13645833333333332
8 0.821484375 0.66875 0.03984375 0.1375
8 0.788671875 0.6682291666666667 0.03828125 0.13645833333333332
7 0.7546875 0.6692708333333334 0.0359375 0.13854166666666667
7 0.7203125 0.6703125 0.0359375 0.13854166666666667
7 0.686328125 0.6708333333333333 0.03671875 0.1375
7 0.65390625 0.6713541666666667 0.034375 0.13645833333333332
7 0.621484375 0.6703125 0.03203125 0.13645833333333332
7 0.5890625 0.6708333333333333 0.034375 0.13541666666666666
7 0.55703125 0.6713541666666667 0.0328125 0.13854166666666667
7 0.525390625 0.6713541666666667 0.03203125 0.134375
7 0.492578125 0.6708333333333333 0.03203125 0.13541666666666666
7 0.46171875 0.671875 0.0328125 0.13541666666666666
7 0.367578125 0.6713541666666667 0.03203125 0.13229166666666667
7 0.3984375 0.6713541666666667 0.0328125 0.13229166666666667
7 0.43046875 0.6703125 0.03125 0.13229166666666667
7 0.716015625 0.48802083333333335 0.03359375 0.13645833333333332
7 0.683984375 0.48802083333333335 0.03515625 0.13645833333333332
7 0.650390625 0.48854166666666665 0.03203125 0.13541666666666666
7 0.61796875 0.4895833333333333 0.0328125 0.13541666666666666
7 0.58671875 0.490625 0.0328125 0.13333333333333333
7 0.554296875 0.49114583333333334 0.03359375 0.134375
7 0.521484375 0.4921875 0.03203125 0.134375
7 0.489453125 0.49166666666666664 0.03203125 0.13333333333333333
7 0.45703125 0.49166666666666664 0.034375 0.13333333333333333
7 0.425 0.49166666666666664 0.0328125 0.13333333333333333
2 0.01640625 0.6692708333333334 0.0328125 0.13020833333333334
2 0.044140625 0.66875 0.03828125 0.12916666666666668
2 0.076171875 0.66875 0.03828125 0.13125
2 0.1078125 0.6708333333333333 0.0375 0.13125
2 0.138671875 0.6723958333333333 0.03671875 0.13020833333333334
2 0.17109375 0.6739583333333333 0.0359375 0.12916666666666668
2 0.202734375 0.6739583333333333 0.03828125 0.12916666666666668
2 0.234375 0.6744791666666666 0.0359375 0.12604166666666666
2 0.267578125 0.6739583333333333 0.03671875 0.12708333333333333
2 0.29921875 0.6744791666666666 0.0359375 0.13020833333333334
2 0.33203125 0.6734375 0.034375 0.13020833333333334
2 0.329296875 0.49322916666666666 0.03671875 0.134375
2 0.296484375 0.49375 0.03828125 0.13125
2 0.2640625 0.49322916666666666 0.0359375 0.134375
2 0.23203125 0.4921875 0.0359375 0.134375
2 0.208984375 0.48541666666666666 0.03359375 0.12916666666666668
2 0.190234375 0.47708333333333336 0.03359375 0.125
2 0.161328125 0.47708333333333336 0.03671875 0.12291666666666666
2 0.12421875 0.484375 0.0515625 0.12916666666666668
2 0.08515625 0.48385416666666664 0.0390625 0.128125
2 0.045703125 0.490625 0.05390625 0.13125
2 0.01328125 0.4875 0.025 0.12708333333333333
2 0.07109375 0.8927083333333333 0.046875 0.15625
2 0.0359375 0.890625 0.0421875 0.15625
2 0.010546875 0.8921875 0.02109375 0.153125
7 0.72578125 0.8765625 0.0421875 0.140625
7 0.76953125 0.8989583333333333 0.04375 0.14791666666666667
7 0.816015625 0.9135416666666667 0.04609375 0.1375
7 0.8546875 0.9140625 0.0421875 0.13854166666666667
