7 0.34458333333333335 0.14722222222222223 0.05416666666666667 0.25277777777777777
7 0.29 0.14097222222222222 0.06333333333333334 0.2625
7 0.23208333333333334 0.13472222222222222 0.06583333333333333 0.26944444444444443
7 0.16958333333333334 0.1326388888888889 0.06916666666666667 0.2652777777777778
7 0.3925 0.15625 0.051666666666666666 0.23194444444444445
8 0.03333333333333333 0.13055555555555556 0.06666666666666667 0.2611111111111111
8 0.10041666666666667 0.13402777777777777 0.06916666666666667 0.26805555555555555
9 0.024166666666666666 0.4722222222222222 0.04833333333333333 0.18611111111111112
9 0.07958333333333334 0.47152777777777777 0.06916666666666667 0.18472222222222223
9 0.14583333333333334 0.4673611111111111 0.06333333333333334 0.17916666666666667
