5 0.465625 0.1734375 0.06666666666666667 0.09375
5 0.5963541666666666 0.17109375 0.07395833333333333 0.0984375
5 0.6619791666666667 0.16875 0.06979166666666667 0.096875
5 0.7234375 0.168359375 0.06979166666666667 0.09609375
5 0.7848958333333333 0.168359375 0.06770833333333333 0.09296875
5 0.8505208333333333 0.166015625 0.071875 0.09609375
4 0.8552083333333333 0.300390625 0.06875 0.09609375
4 0.7911458333333333 0.3046875 0.06979166666666667 0.0984375
4 0.7286458333333333 0.305078125 0.06770833333333333 0.09609375
4 0.6677083333333333 0.306640625 0.06875 0.09765625
4 0.6046875 0.309375 0.06770833333333333 0.0984375
4 0.5427083333333333 0.31171875 0.06458333333333334 0.0984375
4 0.4796875 0.312890625 0.06770833333333333 0.09765625
4 0.41822916666666665 0.3140625 0.06770833333333333 0.0984375
4 0.36666666666666664 0.316796875 0.058333333333333334 0.08828125
4 0.31145833333333334 0.31796875 0.06458333333333334 0.0875
4 0.24114583333333334 0.319140625 0.071875 0.09296875
4 0.17708333333333334 0.319921875 0.07083333333333333 0.09296875
4 0.1015625 0.321875 0.09270833333333334 0.096875
4 0.033854166666666664 0.323046875 0.065625 0.09765625
7 0.21614583333333334 0.465625 0.057291666666666664 0.109375
7 0.2635416666666667 0.463671875 0.05625 0.10703125
7 0.3104166666666667 0.4625 0.058333333333333334 0.1078125
7 0.3578125 0.462109375 0.05520833333333333 0.10859375
7 0.40260416666666665 0.458984375 0.051041666666666666 0.10859375
7 0.4515625 0.457421875 0.053125 0.10703125
7 0.4979166666666667 0.45703125 0.052083333333333336 0.1078125
7 0.5411458333333333 0.453515625 0.04895833333333333 0.10546875
7 0.5869791666666667 0.45234375 0.04895833333333333 0.10625
7 0.6317708333333333 0.45078125 0.046875 0.1046875
7 0.690625 0.591796875 0.04791666666666667 0.10546875
7 0.6442708333333333 0.59375 0.053125 0.10625
7 0.5973958333333333 0.5953125 0.04895833333333333 0.10625
7 0.553125 0.59765625 0.052083333333333336 0.1046875
7 0.5083333333333333 0.599609375 0.052083333333333336 0.10546875
7 0.4625 0.601953125 0.05 0.10703125
7 0.41822916666666665 0.603125 0.04895833333333333 0.10625
7 0.37135416666666665 0.60625 0.051041666666666666 0.1078125
7 0.32447916666666665 0.6078125 0.051041666666666666 0.10625
7 0.2786458333333333 0.60859375 0.051041666666666666 0.1078125
7 0.2359375 0.60859375 0.053125 0.1046875
7 0.18958333333333333 0.61171875 0.05625 0.103125
7 0.14322916666666666 0.614453125 0.05520833333333333 0.10546875
8 0.8276041666666667 0.584765625 0.04895833333333333 0.10546875
8 0.7838541666666666 0.5875 0.053125 0.10625
8 0.7369791666666666 0.589453125 0.051041666666666666 0.10546875
8 0.865625 0.442578125 0.04375 0.10703125
8 0.81875 0.44453125 0.05 0.1078125
8 0.7723958333333333 0.446484375 0.051041666666666666 0.10859375
8 0.7255208333333333 0.448046875 0.051041666666666666 0.10703125
8 0.6791666666666667 0.44921875 0.05 0.1078125
7 0.7171875 0.765625 0.05520833333333333 0.103125
7 0.6619791666666667 0.75234375 0.051041666666666666 0.1015625
2 0.07447916666666667 0.47109375 0.065625 0.109375
2 0.029166666666666667 0.47265625 0.05625 0.1109375
2 0.09322916666666667 0.61796875 0.06145833333333333 0.103125
2 0.04791666666666667 0.61953125 0.058333333333333334 0.1046875
2 0.0140625 0.620703125 0.028125 0.10546875
