2 0.023828125 0.37083333333333335 0.04765625 0.175
2 0.067578125 0.3734375 0.05859375 0.17395833333333333
2 0.119921875 0.3697916666666667 0.05546875 0.175
2 0.166015625 0.36875 0.04921875 0.17291666666666666
2 0.209375 0.3671875 0.05 0.171875
2 0.25546875 0.365625 0.0546875 0.16875
2 0.30546875 0.3640625 0.0546875 0.16770833333333332
2 0.35859375 0.3609375 0.0546875 0.16770833333333332
2 0.40546875 0.36041666666666666 0.0515625 0.16666666666666666
2 0.08671875 0.5817708333333333 0.0578125 0.17395833333333333
2 0.134765625 0.5796875 0.05546875 0.17395833333333333
2 0.1796875 0.5786458333333333 0.05 0.17395833333333333
2 0.224609375 0.5765625 0.05234375 0.17604166666666668
2 0.273046875 0.5744791666666667 0.05390625 0.17604166666666668
2 0.498828125 0.5630208333333333 0.04921875 0.17395833333333333
2 0.45390625 0.565625 0.053125 0.175
2 0.4078125 0.5692708333333333 0.05 0.178125
2 0.373828125 0.5661458333333333 0.04765625 0.16770833333333332
4 0.053125 0.7973958333333333 0.0734375 0.165625
4 0.11875 0.7947916666666667 0.0703125 0.16458333333333333
4 0.18046875 0.7911458333333333 0.071875 0.16354166666666667
4 0.244140625 0.7869791666666667 0.06953125 0.15729166666666666
5 0.30546875 0.7838541666666666 0.0671875 0.159375
5 0.365234375 0.7807291666666667 0.06796875 0.15729166666666666
3 0.5421875 0.5619791666666667 0.0515625 0.17604166666666668
3 0.5875 0.5609375 0.05 0.178125
3 0.632421875 0.559375 0.05078125 0.17916666666666667
3 0.680078125 0.5583333333333333 0.05390625 0.18125
3 0.7265625 0.5541666666666667 0.0515625 0.17916666666666667
7 0.451953125 0.36041666666666666 0.05546875 0.17083333333333334
7 0.508203125 0.359375 0.05703125 0.17083333333333334
7 0.558203125 0.35625 0.05234375 0.16875
8 0.607421875 0.3515625 0.05390625 0.165625
8 0.655078125 0.35104166666666664 0.05078125 0.16875
8 0.68984375 0.34739583333333335 0.04375 0.171875
6 0.5171875 0.7890625 0.0484375 0.11354166666666667
6 0.562109375 0.7854166666666667 0.04765625 0.11875
6 0.6046875 0.7822916666666667 0.046875 0.11458333333333333
6 0.47734375 0.7520833333333333 0.0421875 0.10833333333333334
