6 0.05572916666666667 0.35 0.084375 0.090625
6 0.011458333333333333 0.351953125 0.022916666666666665 0.09140625
3 0.058854166666666666 0.506640625 0.065625 0.13046875
3 0.11875 0.504296875 0.0625 0.12890625
4 0.78125 0.33828125 0.09583333333333334 0.1296875
4 0.8651041666666667 0.337890625 0.08854166666666667 0.12578125
4 0.9453125 0.338671875 0.08645833333333333 0.12734375
2 0.1625 0.51796875 0.06666666666666667 0.1359375
2 0.22239583333333332 0.51796875 0.06354166666666666 0.1359375
2 0.275 0.52890625 0.06666666666666667 0.1421875
2 0.33697916666666666 0.528125 0.065625 0.1421875
2 0.39739583333333334 0.528125 0.065625 0.1390625
2 0.4609375 0.527734375 0.06145833333333333 0.13828125
2 0.521875 0.527734375 0.058333333333333334 0.13984375
2 0.571875 0.516796875 0.05625 0.13203125
2 0.6286458333333333 0.516796875 0.057291666666666664 0.13203125
2 0.6770833333333334 0.505078125 0.05625 0.12421875
2 0.7296875 0.50546875 0.057291666666666664 0.1265625
2 0.9828125 0.5265625 0.034375 0.1390625
2 0.9421875 0.52578125 0.07395833333333333 0.1390625
2 0.871875 0.525390625 0.08125 0.13984375
2 0.7963541666666667 0.51484375 0.078125 0.1328125
2 0.04583333333333333 0.71796875 0.08958333333333333 0.1375
2 0.121875 0.694140625 0.075 0.13046875
2 0.18020833333333333 0.694140625 0.0625 0.13046875
2 0.22552083333333334 0.715234375 0.06979166666666667 0.13828125
2 0.28802083333333334 0.71640625 0.065625 0.1375
2 0.3463541666666667 0.71328125 0.06354166666666666 0.1328125
2 0.4088541666666667 0.713671875 0.06145833333333333 0.13515625
2 0.46927083333333336 0.713671875 0.06145833333333333 0.13828125
2 0.98125 0.710546875 0.0375 0.13359375
2 0.9401041666666666 0.712109375 0.07604166666666666 0.13046875
2 0.8807291666666667 0.713671875 0.071875 0.13046875
2 0.8213541666666667 0.71328125 0.07395833333333333 0.1328125
2 0.7614583333333333 0.713671875 0.07708333333333334 0.13203125
2 0.7020833333333333 0.71328125 0.075 0.13125
2 0.6458333333333334 0.71171875 0.06666666666666667 0.134375
2 0.5869791666666667 0.7125 0.065625 0.1375
2 0.5276041666666667 0.712890625 0.06354166666666666 0.13515625
2 0.016145833333333335 0.883984375 0.03229166666666667 0.13046875
2 0.05520833333333333 0.883984375 0.06458333333333334 0.13203125
2 0.10989583333333333 0.881640625 0.06354166666666666 0.13203125
2 0.16770833333333332 0.880078125 0.0625 0.12734375
2 0.24166666666666667 0.93984375 0.07916666666666666 0.1203125
2 0.3125 0.940625 0.07083333333333333 0.11875
2 0.375 0.92734375 0.0625 0.1453125
2 0.4395833333333333 0.940234375 0.06875 0.11953125
2 0.5026041666666666 0.9390625 0.065625 0.121875
2 0.5677083333333334 0.937109375 0.06666666666666667 0.12578125
2 0.6359375 0.9375 0.06979166666666667 0.125
