0 0.73359375 0.8859375 0.0625 0.13020833333333334
0 0.794921875 0.8885416666666667 0.06171875 0.13333333333333333
0 0.85859375 0.8848958333333333 0.0625 0.140625
0 0.91875 0.8859375 0.0625 0.13645833333333332
0 0.791796875 0.7479166666666667 0.06953125 0.15
0 0.72109375 0.7458333333333333 0.08125 0.14583333333333334
0 0.856640625 0.7453125 0.07421875 0.14895833333333333
0 0.9203125 0.7473958333333334 0.08125 0.146875
0 0.971484375 0.7473958333333334 0.05703125 0.14895833333333333
0 0.974609375 0.8864583333333333 0.05078125 0.1375
1 0.430859375 0.8833333333333333 0.05859375 0.12916666666666668
1 0.489453125 0.8817708333333333 0.06015625 0.12604166666666666
1 0.4296875 0.7479166666666667 0.0625 0.15
1 0.48984375 0.746875 0.065625 0.15416666666666667
