0 0.75625 0.4296875 0.08541666666666667 0.0859375
0 0.7630208333333334 0.512890625 0.06770833333333333 0.08046875
0 0.8328125 0.43125 0.06770833333333333 0.0875
0 0.9036458333333334 0.430859375 0.06979166666666667 0.08671875
0 0.96875 0.43203125 0.0625 0.084375
0 0.8317708333333333 0.513671875 0.07395833333333333 0.08046875
0 0.8994791666666667 0.51328125 0.06770833333333333 0.0796875
0 0.9614583333333333 0.51328125 0.07083333333333333 0.078125
1 0.5005208333333333 0.511328125 0.065625 0.07890625
1 0.43697916666666664 0.511328125 0.06770833333333333 0.07890625
1 0.434375 0.430078125 0.07083333333333333 0.08359375
1 0.5010416666666667 0.430859375 0.06666666666666667 0.08359375
