0 0.49333333333333335 0.8422222222222222 0.20444444444444446 0.31555555555555553
0 0.29555555555555557 0.84 0.2088888888888889 0.32
0 0.09777777777777778 0.8377777777777777 0.19555555555555557 0.3244444444444444
0 0.6977777777777778 0.8422222222222222 0.20444444444444446 0.31555555555555553
0 0.9 0.8422222222222222 0.2 0.31555555555555553
0 0.8955555555555555 0.5133333333333333 0.2088888888888889 0.3422222222222222
0 0.6911111111111111 0.5111111111111111 0.2 0.3377777777777778
0 0.49333333333333335 0.5111111111111111 0.20444444444444446 0.3466666666666667
0 0.3 0.5088888888888888 0.2088888888888889 0.3511111111111111
0 0.1 0.5066666666666667 0.2 0.3466666666666667
0 0.10222222222222223 0.1688888888888889 0.20444444444444446 0.3377777777777778
0 0.3022222222222222 0.1688888888888889 0.20444444444444446 0.3377777777777778
0 0.5044444444444445 0.1711111111111111 0.2 0.3422222222222222
0 0.7 0.1711111111111111 0.19111111111111112 0.3422222222222222
0 0.9 0.1688888888888889 0.2 0.3377777777777778
