0 0.7019444444444445 0.4841666666666667 0.14833333333333334 0.36333333333333334
0 0.6933333333333334 0.20166666666666666 0.13111111111111112 0.21333333333333335
0 0.6933333333333334 0.04958333333333333 0.12222222222222222 0.09916666666666667
1 0.3338888888888889 0.044583333333333336 0.13111111111111112 0.08916666666666667
1 0.31444444444444447 0.19666666666666666 0.15 0.21833333333333332
1 0.2777777777777778 0.47791666666666666 0.16666666666666666 0.3408333333333333
1 0.7791666666666667 0.7529166666666667 0.17166666666666666 0.2625
1 0.6722222222222223 0.8620833333333333 0.17333333333333334 0.26916666666666667
1 0.5811111111111111 0.7270833333333333 0.16333333333333333 0.24916666666666668
0 0.25194444444444447 0.7083333333333334 0.15388888888888888 0.24666666666666667
0 0.31166666666666665 0.84125 0.16444444444444445 0.25583333333333336
0 0.4211111111111111 0.7266666666666667 0.1622222222222222 0.26166666666666666
