1 0.4265625 0.356640625 0.059375 0.07265625
1 0.42864583333333334 0.42421875 0.05520833333333333 0.0703125
1 0.48125 0.42421875 0.05625 0.0671875
1 0.48125 0.35625 0.05625 0.0734375
0 0.6880208333333333 0.357421875 0.071875 0.07265625
0 0.7505208333333333 0.35703125 0.06145833333333333 0.071875
0 0.8083333333333333 0.35703125 0.06041666666666667 0.071875
0 0.8625 0.357421875 0.06041666666666667 0.07265625
0 0.915625 0.35625 0.06875 0.0734375
0 0.9041666666666667 0.423046875 0.06041666666666667 0.06484375
0 0.8520833333333333 0.423828125 0.06041666666666667 0.06484375
0 0.8010416666666667 0.423828125 0.06041666666666667 0.06796875
0 0.7479166666666667 0.423828125 0.06041666666666667 0.06640625
0 0.6927083333333334 0.424609375 0.06041666666666667 0.07109375
